 135 188 187 184 182 182 180 178 177 179 175 172 172 172 166 167
 145 201 200 201 200 201 205 206 208 202 208 206 207 206 207 209
 149 198 198 201 203 204 205 205 206 206 209 204 207 205 208 211
 150 196 199 204 206 205 205 207 209 202 163 158 207 207 208 208
 136 197 201 204 207 210 209 207 207 141 190 213 210 208 206 209
 128 197 201 205 206 207 209 207 210 173 139 149 158 209 210 212
 135 175 135 190 206 203 184 205 211 170 159 116 149 194 212 210
 135 194 154 106 114 152  46  55 123 165 154 111 152 153 211 214
 141 198 203 200  93  53  57  47  46  33 152 164 143 156 198 214
 144 198 202 204 176  89 166  82  55  53 183 190 143 117 161 213
 148 201 202 175  61  51  61  44  76 138 211 208 144 161 160 216
 148 194 198 155  33  44  43  99 205 218 217 216 181 158 219 201
 150 199 202 202 169  99 153 211 213 212 215 217 212 172 108 200
 135 198 202 207 211 208 215 213 214 217 215 217 219 196 158 221
 132 200 201 203 208 207 210 212 213 216 218 217 218 218 219 221
 136 200 201 203 208 206 208 214 214 217 218 215 214 216 218 225
 120 146 146 148 147 146 147 147 149 147 145 145 143 143 140 143
 133 163 165 168 170 169 171 174 174 175 174 175 176 176 175 176
 138 164 167 170 172 172 172 175 176 175 175 175 177 178 177 178
 138 164 167 169 171 172 173 174 176 169 139 141 176 178 178 177
 133 165 167 170 171 172 173 177 177 116 160 175 174 177 178 179
 119 164 165 169 171 173 172 176 176 135 127 131 145 176 177 177
 124 147 122 162 170 168 156 169 175 140 135 109 134 170 178 178
 125 150 114  91 113 130  31  49 123 153 135  93 142 141 178 181
 130 164 166 151  58  51  48  13  16  23 140 135 124 143 176 180
 129 162 166 167 135  84 129  55  20  28 165 156 128  99 149 179
 132 163 165 142  47  33  44  25  56 112 176 172 124 142 138 179
 140 165 167 120  19  15  15  86 168 182 180 182 144 137 180 173
 140 161 165 163 127  68 124 174 179 181 182 182 176 143 105 168
 127 161 167 168 170 162 172 177 178 180 183 182 182 162 139 183
 118 160 165 166 169 172 173 177 181 182 182 184 181 180 181 182
 123 160 165 167 169 170 171 175 178 179 181 180 182 183 182 183
 124 139 142 141 140 139 140 140 140 138 136 138 136 135 132 133
 140 161 161 163 166 165 167 168 170 169 168 171 171 171 170 170
 143 160 162 164 166 167 168 168 169 170 170 170 172 172 170 170
 144 160 163 165 166 166 167 169 170 165 141 147 172 172 172 170
 141 162 164 166 167 167 168 170 171 116 156 168 170 172 172 171
 126 160 160 164 166 167 167 169 170 128 131 133 143 171 171 172
 129 142 126 160 166 163 156 165 169 137 126 102 131 166 171 172
 127 144 106  97 124 127  39  63 133 152 133  94 136 138 172 172
 134 157 159 145  60  63  47  20  25  35 139 130 123 140 170 174
 135 159 162 162 120  80 110  46  24  35 163 152 125  98 151 175
 136 160 161 134  56  42  55  34  63 110 169 164 123 139 138 173
 141 159 162 112  21  19  24  90 160 174 177 176 139 133 171 169
 142 158 162 156 115  65 120 164 172 175 176 176 170 137 105 161
 133 158 161 163 163 153 164 171 174 175 176 176 175 153 134 174
 128 157 161 163 166 165 168 171 174 176 175 176 176 173 173 176
 130 157 160 161 164 164 166 170 171 173 173 174 175 176 176 176

 167 209 211 208 209 212 210 214 214 213 216 201 200 221 221 225
 166 207 208 208 206 210 212 211 198 161 160 219 108 158 219 218
 172 206 205 207 208 209 194 153 156 117 161 158 172 196 218 216
 172 207 207 207 210 158 149 152 143 143 144 181 212 219 218 214
 172 206 204 158 213 149 116 111 164 190 208 216 217 217 217 215
 175 208 209 163 190 139 159 154 152 183 211 217 215 215 218 218
 179 202 206 202 141 173 170 165  33  53 138 218 212 217 216 217
 177 208 206 209 207 210 211 123  46  55  76 205 213 214 213 214
 178 206 205 207 207 207 205  55  47  82  44  99 211 213 212 214
 180 205 205 205 209 209 184  46  57 166  61  43 153 215 210 208
 182 201 204 205 210 207 203 152  53  89  51  44  99 208 207 206
 182 200 203 206 207 206 206 114  93 176  61  33 169 211 208 208
 184 201 201 204 204 205 190 106 200 204 175 155 202 207 203 203
 187 200 198 199 201 201 135 154 203 202 202 198 202 202 201 201
 188 201 198 196 197 197 175 194 198 198 201 194 199 198 200 200
 135 145 149 150 136 128 135 135 141 144 148 148 150 135 132 136
 143 176 178 177 179 177 178 181 180 179 179 173 168 183 182 183
 140 175 177 178 178 177 178 178 176 149 138 180 105 139 181 182
 143 176 178 178 177 176 170 141 143  99 142 137 143 162 180 183
 143 176 177 176 174 145 134 142 124 128 124 144 176 182 181 182
 145 175 175 141 175 131 109  93 135 156 172 182 182 182 184 180
 145 174 175 139 160 127 135 135 140 165 176 180 182 183 182 181
 147 175 175 169 116 135 140 153  23  28 112 182 181 180 182 179
 149 174 176 176 177 176 175 123  16  20  56 168 179 178 181 178
 147 174 175 174 177 176 169  49  13  55  25  86 174 177 177 175
 147 171 172 173 173 172 156  31  48 129  44  15 124 172 173 171
 146 169 172 172 172 173 168 130  51  84  33  15  68 162 172 170
 147 170 172 171 171 171 170 113  58 135  47  19 127 170 169 169
 148 168 170 169 170 169 162  91 151 167 142 120 163 168 166 167
 146 165 167 167 167 165 122 114 166 166 165 167 165 167 165 165
 146 163 164 164 165 164 147 150 164 162 163 165 161 161 160 160
 120 133 138 138 133 119 124 125 130 129 132 140 140 127 118 123
 133 170 170 170 171 172 172 172 174 175 173 169 161 174 176 176
 132 170 170 172 172 171 171 172 170 151 138 171 105 134 173 176
 135 171 172 172 172 171 166 138 140  98 139 133 137 153 173 176
 136 171 172 172 170 143 131 136 123 125 123 139 170 175 176 175
 138 171 170 147 168 133 102  94 130 152 164 176 176 176 176 174
 136 168 170 141 156 131 126 133 139 163 169 177 176 176 175 173
 138 169 170 165 116 128 137 152  35  35 110 174 175 175 176 173
 140 170 169 170 171 170 169 133  25  24  63 160 172 174 174 171
 140 168 168 169 170 169 165  63  20  46  34  90 164 171 171 170
 140 167 168 167 168 167 156  39  47 110  55  24 120 164 168 166
 139 165 167 166 167 167 163 127  63  80  42  19  65 153 165 164
 140 166 166 166 167 166 166 124  60 120  56  21 115 163 166 164
 141 163 164 165 166 164 160  97 145 162 134 112 156 163 163 161
 142 161 162 163 164 160 126 106 159 162 161 162 162 161 161 160
 139 161 160 160 162 160 142 144 157 159 160 159 158 158 157 157
 124 140 143 144 141 126 129 127 134 135 136 141 142 133 128 130

 225 218 216 214 215 218 217 214 214 208 206 208 203 201 200 136
 221 219 218 218 217 218 216 213 212 210 207 208 203 201 200 132
 221 158 193 219 217 215 217 214 213 215 208 211 207 202 198 135
 200 108 172 212 217 215 212 213 211 153  99 169 202 202 199 150
 201 219 158 181 216 217 218 205  99  43  44  33 155 198 194 148
 216 160 161 144 208 211 138  76  44  61  51  61 175 202 201 148
 213 161 117 143 190 183  53  55  82 166  89 176 204 202 198 144
 214 198 156 143 164 152  33  46  47  57  53  93 200 203 198 141
 214 211 153 152 111 154 165 123  55  46 152 114 106 154 194 135
 210 212 194 149 116 159 170 211 205 184 203 206 190 135 175 135
 212 210 209 158 149 139 173 210 207 209 207 206 205 201 197 128
 209 206 208 210 213 190 141 207 207 209 210 207 204 201 197 136
 208 208 207 207 158 163 202 209 207 205 205 206 204 199 196 150
 211 208 205 207 204 209 206 206 205 205 204 203 201 198 198 149
 209 207 206 207 206 208 202 208 206 205 201 200 201 200 201 145
 167 166 172 172 172 175 179 177 178 180 182 182 184 187 188 135
 183 182 183 182 180 181 179 178 175 171 170 169 167 165 160 123
 182 181 180 181 184 182 182 181 177 173 172 169 166 165 160 118
 183 139 160 182 182 183 180 178 177 172 162 170 168 167 161 127
 168 105 143 176 182 182 181 179 174 124  68 127 163 165 161 140
 173 180 137 144 182 180 182 168  86  15  15  19 120 167 165 140
 179 138 142 124 172 176 112  56  25  44  33  47 142 165 163 132
 179 149  99 128 156 165  28  20  55 129  84 135 167 166 162 129
 180 176 143 124 135 140  23  16  13  48  51  58 151 166 164 130
 181 178 141 142  93 135 153 123  49  31 130 113  91 114 150 125
 178 178 170 134 109 135 140 175 169 156 168 170 162 122 147 124
 177 177 176 145 131 127 135 176 176 172 173 171 169 165 164 119
 179 178 177 174 175 160 116 177 177 173 172 171 170 167 165 133
 177 178 178 176 141 139 169 176 174 173 172 171 169 167 164 138
 178 177 178 177 175 175 175 176 175 172 172 172 170 167 164 138
 176 175 176 176 175 174 175 174 174 171 169 170 168 165 163 133
 143 140 143 143 145 145 147 149 147 147 146 147 148 146 146 120
 176 176 176 175 174 173 173 171 170 166 164 164 161 160 157 130
 176 173 173 176 176 175 176 174 171 168 165 166 163 161 157 128
 174 134 151 175 176 176 175 174 171 164 153 163 163 161 158 133
 161 105 137 170 176 176 175 172 164 120  65 115 156 162 158 142
 169 171 133 139 176 177 174 160  90  24  19  21 112 162 159 141
 173 138 139 123 164 169 110  63  34  55  42  56 134 161 160 136
 175 151  98 125 152 163  35  24  46 110  80 120 162 162 159 135
 174 170 140 123 130 139  35  25  20  47  63  60 145 159 157 134
 172 172 138 136  94 133 152 133  63  39 127 124  97 106 144 127
 172 171 166 131 102 126 137 169 165 156 163 166 160 126 142 129
 172 171 171 143 133 131 128 170 169 167 167 166 164 160 160 126
 171 172 172 170 168 156 116 171 170 168 167 167 166 164 162 141
 170 172 172 172 147 141 165 170 169 167 166 166 165 163 160 144
 170 170 172 172 170 170 170 169 168 168 167 166 164 162 160 143
 170 170 171 171 171 168 169 170 168 167 165 166 163 161 161 140
 133 132 135 136 138 136 138 140 140 140 139 140 141 142 139 124

 136 132 135 150 148 148 144 141 135 135 128 136 150 149 145 135
 200 200 198 199 194 201 198 198 194 175 197 197 196 198 201 188
 201 201 202 202 198 202 202 203 154 135 201 201 199 198 200 187
 203 203 207 202 155 175 204 200 106 190 205 204 204 201 201 184
 208 208 211 169  33  61 176  93 114 206 206 207 206 203 200 182
 206 207 208  99  44  51  89  53 152 203 207 210 205 204 201 182
 208 210 215 153  43  61 166  57  46 184 209 209 205 205 205 180
 214 212 213 211  99  44  82  47  55 205 207 207 207 205 206 178
 214 213 214 213 205  76  55  46 123 211 210 207 209 206 208 177
 217 216 217 212 218 138  53  33 165 170 173 141 202 206 202 179
 218 218 215 215 217 211 183 152 154 159 139 190 163 209 208 175
 215 217 217 217 216 208 190 164 111 116 149 213 158 204 206 172
 214 218 219 212 181 144 143 143 152 149 158 210 207 207 207 172
 216 218 193 172 158 161 117 156 153 194 209 208 207 205 206 172
 218 219 158 108 219 160 161 198 211 212 210 206 208 208 207 166
 225 221 221 200 201 216 213 214 214 210 212 209 208 211 209 167
 123 118 127 140 140 132 129 130 125 124 119 133 138 138 133 120
 160 160 161 161 165 163 162 164 150 147 164 165 164 164 163 146
 165 165 167 165 167 165 166 166 114 122 165 167 167 167 165 146
 167 166 168 163 120 142 167 151  91 162 169 170 169 170 168 148
 169 169 170 127  19  47 135  58 113 170 171 171 171 172 170 147
 170 172 162  68  15  33  84  51 130 168 173 172 172 172 169 146
 171 173 172 124  15  44 129  48  31 156 172 173 173 172 171 147
 175 177 177 174  86  25  55  13  49 169 176 177 174 175 174 147
 178 181 178 179 168  56  20  16 123 175 176 177 176 176 174 149
 179 182 180 181 182 112  28  23 153 140 135 116 169 175 175 147
 181 182 183 182 180 176 165 140 135 135 127 160 139 175 174 145
 180 184 182 182 182 172 156 135  93 109 131 175 141 175 175 145
 182 181 182 176 144 124 128 124 142 134 145 174 176 177 176 143
 183 180 160 143 137 142  99 143 141 170 176 177 178 178 176 143
 182 181 139 105 180 138 149 176 178 178 177 178 178 177 175 140
 183 182 183 168 173 179 179 180 181 178 177 179 177 178 176 143
 130 128 133 142 141 136 135 134 127 129 126 141 144 143 140 124
 157 157 158 158 159 160 159 157 144 142 160 162 160 160 161 139
 160 161 161 162 162 161 162 159 106 126 160 164 163 162 161 142
 161 163 163 156 112 134 162 145  97 160 164 166 165 164 163 141
 164 166 163 115  21  56 120  60 124 166 166 167 166 166 166 140
 164 165 153  65  19  42  80  63 127 163 167 167 166 167 165 139
 166 168 164 120  24  55 110  47  39 156 167 168 167 168 167 140
 170 171 171 164  90  34  46  20  63 165 169 170 169 168 168 140
 171 174 174 172 160  63  24  25 133 169 170 171 170 169 170 140
 173 176 175 175 174 110  35  35 152 137 128 116 165 170 169 138
 173 175 176 176 177 169 163 139 133 126 131 156 141 170 168 136
 174 176 176 176 176 164 152 130  94 102 133 168 147 170 171 138
 175 176 175 170 139 123 125 123 136 131 143 170 172 172 171 136
 176 173 151 137 133 139  98 140 138 166 171 172 172 172 171 135
 176 173 134 105 171 138 151 170 172 171 171 172 172 170 170 132
 176 176 174 161 169 173 175 174 172 172 172 171 170 170 170 133

